1 53 3 20 35.1485 95 902 2.36141
1 54 3 20 79.7237 95 752 1.0411
1 57 3 20 14.3118 95 493 5.79942
1 58 3 20 32.3091 95 524 2.56894
1 62 3 20 40.4445 95 242 2.05219
1 63 3 20 6.69226 95 149 12.4024
1 64 3 20 35.5628 95 3946 2.3339
1 65 3 20 37.8354 95 743 2.19371
1 66 3 20 34.2407 95 622 2.42402
1 67 3 20 30.5535 95 299 2.71655
1 68 3 20 122.396 95 615 0.678126
1 69 3 20 26.8814 95 50 3.08764
1 70 2 19 9.64067 95 201 8.60936
1 70 3 20 49.8597 95 785 1.66467
1 71 2 19 80.1456 95 164 1.03562
1 71 3 20 120.742 95 1861 0.687415
1 72 3 20 73.245 95 545 1.13318
1 73 3 20 96.1076 95 370 0.863615
1 74 2 19 4.40157 95 60 18.8569
1 74 3 20 41.1302 95 2732 2.01798
1 75 3 20 14.0636 95 289 5.90175
1 76 3 20 30.9266 95 230 2.68377
1 78 2 19 16.5363 95 651 5.01925
1 78 3 20 51.6475 95 1297 1.60705
1 79 3 20 7.86817 95 110 10.5488
1 82 3 20 19.7734 95 1409 4.19755
1 83 3 20 6.29371 95 100 13.1878
1 84 3 20 19.0408 95 426 4.35907
1 86 2 19 30.8613 95 622 2.68946
1 86 3 20 91.0463 95 1713 0.911624
1 87 2 19 86.8794 95 1204 0.955347
1 87 3 20 19.2837 95 620 4.30415
1 90 2 19 41.7993 95 2203 1.98568
1 90 3 20 74.9206 95 3035 1.10784
1 91 2 19 38.8973 95 3226 2.13382
1 91 3 20 0.185497 95 10 447.447
1 92 3 20 42.8683 95 150 1.93616
1 94 2 19 14.0537 95 51 5.90593
1 94 3 20 3.98262 95 407 20.8405
1 96 3 20 47.0467 95 145 1.7642
1 98 3 20 16.2505 95 295 5.10754
1 99 2 19 5.63461 95 210 14.7304
1 100 3 20 14.7699 95 44 5.61955
1 102 2 19 32.7283 95 2949 2.53603
1 102 3 20 25.0895 95 295 3.30816
1 103 2 19 27.2365 95 2054 3.04738
1 103 3 20 9.94387 95 60 8.34685
1 106 2 19 25.8966 95 928 3.20505
1 106 3 20 23.4916 95 313 3.53318
1 107 2 19 69.9614 95 2975 1.18637
1 107 3 20 3.85634 95 40 21.523
1 109 3 20 17.8054 95 10 4.6615
1 110 2 19 41.0357 95 4572 2.02263
1 110 3 20 26.1925 95 19 3.16885
1 111 2 19 42.6492 95 1317 1.94611
1 112 3 20 6.8508 95 30 12.1154
1 114 2 19 49.3094 95 2525 1.68325
1 114 3 20 14.1566 95 29 5.86301
1 115 2 19 30.2065 95 870 2.74775
1 118 2 19 9.67608 95 3751 8.57785
1 118 3 20 27.5636 95 246 3.01121
1 119 2 19 43.5827 95 1137 1.90443
1 119 3 20 7.02467 95 54 11.8155
1 122 2 19 25.4499 95 1296 3.26131
1 122 3 20 30.6277 95 637 2.70997
1 123 2 19 66.8888 95 848 1.24087
1 123 3 20 0.0051144 95 543 16228.7
1 124 3 20 1.70376 95 1 48.7158
1 125 3 20 2.54432 95 13 32.6217
1 126 2 19 28.8991 95 1429 2.87207
1 126 3 20 35.6795 95 194 2.32626
1 127 2 19 36.9788 95 533 2.24453
1 127 3 20 14.067 95 116 5.90032
1 129 3 20 17.0102 95 113 4.87943
1 130 2 19 45.6072 95 428 1.81989
1 130 3 20 10.0497 95 2 8.25895
1 131 2 19 62.2268 95 1137 1.33383
1 131 3 20 27.7165 95 107 2.99461
1 133 3 20 11.0056 95 25 7.54161
1 134 2 19 40.7754 95 1662 2.03554
1 134 3 20 31.5915 95 98 2.62729
1 135 2 19 1.25483 95 148 66.1442
1 137 3 20 5.70209 95 48 14.5561
1 138 2 19 28.3057 95 812 2.93227
1 138 3 20 33.757 95 83 2.45875
1 139 2 19 14.3837 95 229 5.77043
1 139 3 20 9.41719 95 4 8.81367
1 142 2 19 12.232 95 183 6.7855
1 142 3 20 36.0697 95 98 2.3011
1 143 2 19 5.15345 95 30 16.1057
1 143 3 20 15.8692 95 7 5.23025
1 145 3 20 12.0861 95 20 6.86739
1 146 2 19 23.109 95 2097 3.59167
1 146 3 20 28.9913 95 132 2.86292
1 147 2 19 13.5028 95 762 6.1469
1 147 3 20 6.53153 95 4 12.7076
1 148 3 20 20.8678 95 82 3.97742
1 149 3 20 12.9921 95 13 6.38851
1 150 2 19 10.0788 95 1183 8.23513
1 150 3 20 23.7134 95 83 3.50013
1 151 3 20 13.8661 95 22 5.9858
1 152 3 20 17.5193 95 50 4.73764
1 153 3 20 13.6889 95 46 6.0633
1 154 2 19 29.9498 95 486 2.7713
1 154 3 20 37.6344 95 27 2.20543
1 155 3 20 7.51847 95 11 11.0395
1 158 2 19 10.9679 95 538 7.56757
1 158 3 20 35.2057 95 194 2.35757
1 159 2 19 4.86537 95 550 17.0593
1 159 3 20 12.1746 95 175 6.81748
1 160 3 20 35.8597 95 42 2.31457
1 161 3 20 3.68994 95 42 22.4936
1 162 2 19 11.5748 95 1172 7.17073
1 162 3 20 34.5871 95 11 2.39974
1 163 2 19 8.33615 95 63 9.95663
1 166 2 19 7.69376 95 138 10.788
1 166 3 20 48.3715 95 111 1.71589
1 169 3 20 17.4744 95 20 4.74982
1 170 2 19 13.0185 95 1334 6.37552
1 170 3 20 31.1524 95 224 2.66432
1 171 2 19 5.71825 95 216 14.5149
1 174 2 19 12.2651 95 997 6.76717
1 174 3 20 39.7465 95 395 2.08823
1 175 2 19 7.03411 95 404 11.7996
1 175 3 20 9.96626 95 50 8.3281
1 176 3 20 6.35028 95 21 13.0703
1 177 3 20 21.3785 95 96 3.8824
1 178 2 19 0.0180639 95 597 4594.79
1 178 3 20 20.2756 95 161 4.09359
1 179 2 19 6.67002 95 85 12.4437
1 179 3 20 12.5607 95 168 6.60792
1 180 3 20 19.5759 95 73 4.2399
1 181 3 20 12.0449 95 50 6.8909
1 182 2 19 5.10991 95 837 16.243
1 182 3 20 27.0341 95 308 3.0702
1 183 3 20 29.3157 95 168 2.83125
1 186 3 20 9.79471 95 2 8.47396
1 189 3 20 62.8645 95 139 1.3203
1 190 3 20 42.9891 95 79 1.93072
1 191 2 19 11.7099 95 43 7.08801
1 193 3 20 2.73158 95 5 30.3853
1 194 2 19 16.116 95 54 5.15015
1 194 3 20 8.95934 95 95 9.26407
1 198 3 20 20.5114 95 48 4.04652
1 202 3 20 34.2359 95 28 2.42436
1 218 3 20 3.33057 95 541 24.9206
1 219 3 20 5.5244 95 279 15.0242
1 220 3 20 1.09574 95 150 75.7482
1 230 2 19 8.35986e-06 95 21 9.9284e+06
1 235 2 19 2.44202 95 3 33.9883
1 237 2 19 2.00036 95 2 41.4926
1 238 2 19 10.4675 95 30 7.92927
1 242 2 19 11.8064 95 11 7.03006
1 246 2 19 4.84514 95 2 17.1306
1 249 2 19 2.36555 95 1 35.0869
1 250 2 19 10.4049 95 8 7.97703
1 258 2 19 12.8861 95 12 6.44107
1 260 2 19 2.85169 95 9 29.1055
1 262 2 19 8.35415 95 10 9.93519
1 267 2 19 4.55353 95 5 18.2276
3 81 3 21 39.8779 95 360 2.08136
3 82 2 21 1.71549 95 60 48.3827
3 83 2 21 18.2121 95 200 4.55741
3 84 4 21 75.3868 95 385 1.10099
3 85 3 21 157.256 95 394 0.527803
3 86 3 21 2.96911 95 132 27.9545
3 89 4 21 18.7812 95 38 4.41931
3 92 4 21 43.5349 95 149 1.90652
3 93 4 21 66.495 95 160 1.24821
3 96 4 21 0.00457261 95 1293 18151.5
3 100 4 21 39.5441 95 142 2.09892
3 101 4 21 36.2326 95 101 2.29075
3 103 4 21 20.1991 95 59 4.1091
3 104 4 21 9.21594 95 29 9.00614
3 105 4 21 20.6108 95 10 4.02702
3 108 4 21 45.5544 95 144 1.822
3 112 4 21 0.0172128 95 1030 4822
3 113 4 21 47.0017 95 161 1.7659
3 114 4 21 77.784 95 309 1.06706
3 115 4 21 37.5844 95 80 2.20837
3 116 4 21 54.3715 95 309 1.52653
3 117 4 21 6.30609 95 237 13.1619
3 121 4 21 24.0819 95 23 3.44657
3 127 4 21 87.2264 95 250 0.951547
3 129 4 21 38.3206 95 31 2.16594
3 132 4 21 39.5333 95 109 2.0995
3 133 4 21 47.2048 95 40 1.7583
3 136 5 21 31.3094 95 122 2.65096
3 137 4 21 193.59 95 250 0.428742
3 140 5 21 0.000192568 95 250 431017
3 141 4 21 3.99911 95 216 20.7546
3 142 4 21 0.0885536 95 334 937.286
3 144 5 21 110.165 95 135 0.753415
3 145 5 21 122.194 95 110 0.679246
3 146 3 13 2.27909 95 769.306 36.418
3 146 4 14 30.3046 95 28.7831 2.73886
3 146 5 21 66.0761 95 496 1.25613
3 147 3 13 22.8637 95 3161.33 3.63021
3 147 4 14 45.5312 95 1486.28 1.82293
3 147 5 21 0.953054 95 294 87.0885
3 148 3 13 8.40937 95 1522.86 9.86994
3 148 4 14 41.5129 95 1600.04 1.99938
3 148 5 21 0.0817133 95 969 1015.75
3 149 3 13 48.9732 95 1337.76 1.6948
3 149 4 14 49.4848 95 373.594 1.67728
3 149 5 21 1.99882 95 351 41.5244
3 150 3 13 43.5992 95 2023.36 1.9037
3 150 4 14 40.2748 95 732.375 2.06084
3 150 5 21 58.0353 95 59 1.43016
3 151 3 13 23.6153 95 950.444 3.51467
3 151 4 14 29.1405 95 692.645 2.84827
3 152 3 13 9.87482 95 1853.09 8.40521
3 152 4 14 10.3846 95 1785.44 7.9926
3 153 3 13 31.6518 95 4780.68 2.62228
3 153 4 14 10.451 95 145.492 7.94183
3 153 5 21 25.5581 95 222 3.2475
3 154 3 13 10.613 95 12416.1 7.82063
3 154 4 14 6.64673 95 290.142 12.4873
3 154 5 21 0.651684 95 769 127.362
3 155 4 14 3.81118 95 182.11 21.7781
3 155 5 21 0.000834354 95 1687 99478.2
3 156 3 13 64.3015 95 832.591 1.29079
3 156 5 21 81.9926 95 103 1.01229
3 157 4 14 122.872 95 1251.6 0.675498
3 157 5 21 23.5308 95 18 3.5273
3 158 3 13 71.6143 95 893.111 1.15899
3 158 4 14 49.4025 95 230.025 1.68008
3 158 5 21 18.4456 95 61 4.49972
3 159 4 14 42.3971 95 451.58 1.95768
3 159 5 21 0.00341409 95 957 24311
3 160 3 13 15.6768 95 2187.93 5.29446
3 160 4 14 26.7146 95 796.969 3.10692
3 160 5 21 27.9219 95 111 2.97258
3 161 3 13 7.46602 95 445.059 11.117
3 161 4 14 39.0272 95 432.068 2.12672
3 161 5 21 0.00395378 95 647 20992.6
3 162 5 21 26.0517 95 25 3.18597
3 163 3 13 14.8372 95 5393.95 5.59404
3 163 4 14 21.003 95 2621.22 3.95182
3 163 5 21 49.4892 95 246 1.67713
3 164 3 13 6.84087 95 2322.57 12.133
3 164 4 14 24.093 95 1315.67 3.44498
3 164 5 21 6.22011e-05 95 81 1.33438e+06
3 165 3 13 6.72111 95 1102.59 12.3492
3 165 4 14 34.0476 95 805.656 2.43777
3 165 5 21 51.2436 95 102 1.61971
3 166 3 13 47.5862 95 1276.99 1.7442
3 166 4 14 11.0927 95 698.051 7.48237
3 167 3 13 58.8569 95 482.785 1.4102
3 167 4 14 49.3308 95 626.384 1.68252
3 168 3 13 93.2194 95 3200.24 0.890372
3 168 4 14 5.48199 95 702.46 15.1405
3 168 5 21 51.6821 95 85 1.60597
3 169 3 13 28.566 95 6245.22 2.90555
3 169 4 14 15.1262 95 60.6765 5.48715
3 169 5 21 5.33994 95 20 15.5433
3 170 3 13 46.4608 95 942.263 1.78645
3 170 4 14 5.18618 95 53.5028 16.0041
3 171 3 13 35.5601 95 51.5361 2.33408
3 171 4 14 18.5263 95 102.091 4.48012
3 171 5 21 119.966 95 180 0.691863
3 172 3 13 8.73936 95 260.582 9.49726
3 172 4 14 8.05878 95 11.1782 10.2993
3 172 5 21 26.4897 95 32 3.13329
3 173 3 13 20.5867 95 853.12 4.03174
3 173 4 14 59.7169 95 59.4622 1.38989
3 173 5 21 37.1582 95 129 2.23369
3 174 3 13 51.0045 95 4025.59 1.62731
3 174 4 14 61.8856 95 179.617 1.34118
3 174 5 21 78.5954 95 46 1.05604
3 175 3 13 37.6228 95 1867.63 2.20611
3 175 4 14 17.2208 95 2845.45 4.81977
3 176 3 13 22.012 95 994.504 3.77067
3 176 4 14 15.4906 95 2659.95 5.35808
3 177 3 13 32.5376 95 5746.85 2.5509
3 177 4 14 50.1338 95 1306.56 1.65557
3 177 5 21 1.16746e-05 95 95 7.10943e+06
3 178 3 13 0.0252059 95 855.744 3292.88
3 178 4 14 12.2832 95 59.5622 6.75717
3 178 5 21 91.8212 95 191 0.903931
3 179 3 13 52.3662 95 1025.9 1.58499
3 179 4 14 8.27158 95 73.4111 10.0344
3 180 3 13 33.2101 95 646.781 2.49924
3 180 5 21 35.7256 95 50 2.32326
3 181 3 13 81.3297 95 2253.32 1.02054
3 181 4 14 18.0662 95 51.3361 4.59421
3 181 5 21 10.2032 95 10 8.1347
3 182 3 13 34.4553 95 342.037 2.40892
3 183 3 13 0.00531712 95 97.741 15610
3 184 3 13 44.8978 95 754.298 1.84864
3 184 4 14 6.61638 95 387.38 12.5446
3 185 3 13 37.8505 95 478.768 2.19284
3 185 4 14 8.96169 95 828.473 9.26165
3 186 3 13 1.97357 95 698.46 42.0557
3 186 4 14 10.5023 95 166.394 7.90301
3 188 3 13 0.0019794 95 312.384 41932
3 188 4 14 6.05467 95 165.184 13.7084
3 189 3 13 179.737 95 1157.41 0.461785
3 189 4 14 20.1398 95 37.9173 4.12119
3 189 5 21 1.45592e-05 95 131 5.70088e+06
3 190 3 13 129.844 95 2299.93 0.639228
3 191 3 13 6.53252 95 803.413 12.7057
3 192 3 13 0.201231 95 274.782 412.462
3 192 4 14 1.12305 95 275.031 73.9061
3 193 3 13 7.29694 95 1760.46 11.3746
3 193 4 14 2.51668 95 107.135 32.98
3 194 3 13 0.130977 95 1298.5 633.698
3 194 4 14 22.196 95 2.98571 3.73942
3 194 5 21 27.4022 95 17 3.02895
3 195 3 13 10.657 95 608.292 7.78827
3 195 4 14 17.1197 95 128.94 4.84822
3 196 3 13 114.085 95 399.606 0.727526
3 196 4 14 6.83765 95 87.3957 12.1387
3 197 3 13 23.202 95 781.484 3.57728
3 197 4 14 23.738 95 423.93 3.4965
3 198 3 13 42.4388 95 1506.6 1.95576
3 198 4 14 13.9585 95 262.161 5.94618
3 199 3 13 123.259 95 320.44 0.673381
3 199 4 14 35.7025 95 75.5337 2.32477
3 200 3 13 31.5864 95 84.4109 2.62771
3 200 4 14 53.899 95 755.226 1.53992
3 201 3 13 11.5561 95 1407.95 7.18234
3 201 4 14 12.6731 95 41.0749 6.54931
3 202 3 13 60.4568 95 428.03 1.37288
3 202 4 14 63.2433 95 70.9483 1.31239
3 203 3 13 5.24246 95 392.875 15.8323
3 204 3 13 20.5636 95 386.55 4.03626
3 204 4 14 37.406 95 1103.13 2.21889
3 205 3 13 5.47495 95 2638.73 15.16
3 205 4 14 31.0123 95 434.952 2.67636
3 205 5 21 55.5993 95 19 1.49282
3 206 3 13 63.0936 95 1584.1 1.3155
3 206 4 14 30.186 95 790.357 2.74962
3 206 5 21 19.4122 95 20 4.27565
3 207 3 13 48.405 95 2856.55 1.7147
3 207 4 14 38.8958 95 323.03 2.13391
3 208 3 13 81.8064 95 614.678 1.01459
3 208 4 14 16.0949 95 134.367 5.15692
3 209 3 13 38.3424 95 404.921 2.1647
3 209 4 14 18.4698 95 26.67 4.49383
3 210 3 13 83.8031 95 606.455 0.990417
3 210 4 14 5.91332 95 12.2155 14.0361
3 211 3 13 13.8025 95 2069.28 6.01342
3 211 4 14 17.405 95 138.267 4.76875
3 212 3 13 42.7 95 3469.62 1.94379
3 212 4 14 19.6777 95 127.068 4.21798
3 213 3 13 185.224 95 1752.98 0.448106
3 213 4 14 72.728 95 229.924 1.14124
3 213 5 21 42.835 95 185 1.93767
3 214 3 13 0.404291 95 2753.06 205.298
3 214 4 14 137.136 95 138.221 0.605238
3 215 3 13 19.1977 95 460.399 4.32344
3 215 4 14 27.9103 95 504.977 2.97382
3 216 3 13 1.25107e-05 95 724.235 6.6343e+06
3 216 4 14 16.6682 95 40.9355 4.97954
3 217 3 13 13.5644 95 1215.65 6.11894
3 217 4 14 19.5239 95 49.6034 4.25119
3 218 3 13 56.9224 95 2056.08 1.45812
3 218 4 14 29.3175 95 75.7142 2.83107
3 219 3 13 11.9865 95 577.15 6.92446
3 219 4 14 5.76691 95 232.692 14.3925
3 220 3 13 1.98274 95 1795.39 41.8612
3 220 4 14 69.5601 95 613.306 1.19321
3 221 3 13 28.3176 95 2400.96 2.93104
3 221 4 14 16.4349 95 227.936 5.05022
3 222 3 13 19.0969 95 1688.95 4.34626
3 222 4 14 13.926 95 141.783 5.96006
3 223 3 13 0.00272199 95 613.493 30492.4
3 223 4 14 9.33601 95 161.974 8.89031
3 224 3 13 64.5631 95 1750.61 1.28556
3 224 4 14 27.5132 95 331.213 3.01674
3 225 3 13 53.4721 95 2760.53 1.55221
3 225 4 14 32.8753 95 500.718 2.52469
3 226 3 13 2.58902 95 1969.72 32.0585
3 226 4 14 5.55895 95 75.7724 14.9309
3 227 3 13 80.0986 95 1563.6 1.03622
3 227 4 14 9.41223 95 817.851 8.81832
3 228 3 13 28.3875 95 1503.7 2.92382
3 228 4 14 3.48648 95 139.895 23.8063
3 229 3 13 36.7801 95 1613.3 2.25665
3 229 4 14 37.9536 95 84.1486 2.18688
3 230 3 13 35.7475 95 937.612 2.32184
3 230 4 14 47.6563 95 150.648 1.74164
3 231 3 13 59.1207 95 1321.07 1.40391
3 231 4 14 14.1793 95 1031.19 5.8536
3 232 3 13 183.726 95 1102.29 0.45176
3 233 3 13 0.664327 95 4203.77 124.939
3 233 4 14 0.127881 95 841.594 649.04
3 234 3 13 15.4484 95 4773.6 5.37274
3 234 4 14 5.34592 95 2948.82 15.5259
3 235 3 13 0.584179 95 114.238 142.08
3 235 4 14 33.1506 95 5131.05 2.50373
3 236 3 13 16.9824 95 4834.3 4.88741
3 236 4 14 49.1437 95 3192 1.68892
3 237 3 13 0.294076 95 6031.34 282.24
3 237 4 14 44.4989 95 401.692 1.86521
3 238 3 13 75.1849 95 11816.3 1.10394
3 238 4 14 41.9762 95 890.565 1.97731
3 239 3 13 12.8064 95 902.658 6.48114
3 239 4 14 11.1896 95 4964 7.41762
3 240 3 13 1.67355 95 6842.45 49.5951
3 240 4 14 0.911937 95 3937.47 91.0151
3 241 3 13 0.104696 95 3282.54 792.769
3 241 4 14 16.9242 95 1593.32 4.90423
3 242 3 13 104.098 95 7422.78 0.797327
3 242 4 14 1.03811 95 462.959 79.9527
3 243 3 13 64.2268 95 1204.94 1.2923
3 243 4 14 112.233 95 2964.66 0.739531
3 244 3 13 2.24992 95 8420.12 36.8903
3 244 4 14 7.8326 95 3225.64 10.5967
3 245 3 13 1.72631 95 12604.1 48.0794
3 245 4 14 0.694127 95 2049.36 119.575
3 246 3 13 0.572381 95 9692.26 145.008
3 246 4 14 1.30449 95 3261.37 63.6266
3 247 3 13 40.7286 95 784.341 2.03788
3 247 4 14 12.7287 95 4950.64 6.52072
3 248 3 13 0.019388 95 7102.67 4281
3 248 4 14 2.49915 95 2777.19 33.2113
3 249 3 13 2.48305 95 8135.21 33.4266
3 249 4 14 57.9657 95 691.704 1.43188
3 250 3 13 11.2984 95 6683.48 7.34615
3 250 4 14 0.210127 95 2328.27 395
3 251 3 13 285.538 95 968.032 0.290679
3 251 4 14 9.85706 95 2811.02 8.42036
3 252 3 13 5.76282 95 5136.54 14.4027
3 252 4 14 96.9706 95 576.725 0.855929
3 253 3 13 124.807 95 5551.26 0.665026
3 253 4 14 151.242 95 3072.42 0.548791
3 254 3 13 0.0552611 95 3251.65 1501.96
3 254 4 14 3.65606 95 4152.22 22.702
3 255 3 13 2.33791 95 408.721 35.5018
3 255 4 14 72.472 95 11321.5 1.14527
3 256 3 13 8.76886 95 2689.74 9.46531
3 256 4 14 1.71584 95 5617.23 48.3729
3 257 3 13 116.978 95 5252.99 0.709535
3 257 4 14 4.84155 95 6928.85 17.1433
3 258 3 13 0.0613004 95 8603.64 1353.99
3 258 4 14 0.332354 95 6658.78 249.734
3 259 3 13 65.4519 95 933.209 1.26811
3 259 4 14 12.0192 95 6138.98 6.9056
3 260 3 13 0.816868 95 4382.81 101.608
3 260 4 14 0.474544 95 1655.03 174.905
3 261 3 13 2.05289 95 5028.37 40.4308
3 261 4 14 87.1781 95 3029.17 0.952074
3 262 3 13 3.82148 95 5526.97 21.7193
3 262 4 14 30.202 95 2884.18 2.74816
3 263 3 13 22.2054 95 299.811 3.73783
3 263 4 14 4.72666 95 2482.24 17.56
3 264 3 13 0.000699921 95 2915.97 118585
3 264 4 14 1.18027 95 1739.71 70.3227
3 265 3 13 1.19144 95 7624.78 69.6636
3 265 4 14 59.5156 95 3515.69 1.39459
3 266 3 13 0.360345 95 7885.19 230.335
3 266 4 14 91.4141 95 7026.33 0.907956
3 267 3 13 183.475 95 1125.42 0.452379
3 267 4 14 152.812 95 6238.31 0.543152
3 268 3 13 0.823207 95 6293.16 100.825
3 268 4 14 253.818 95 4490.37 0.327006
4 146 2 15 14.4019 95 423.256 5.76311
4 152 2 15 39.9733 95 438.816 2.07638
4 152 3 16 7.00089 95 345.516 11.8556
4 153 2 15 45.9321 95 6556.31 1.80701
4 153 3 16 36.1792 95 1416.54 2.29413
4 154 2 15 24.127 95 447.832 3.44013
4 154 3 16 29.439 95 3160.08 2.81939
4 155 2 15 63.5534 95 2649.67 1.30599
4 155 3 16 36.9272 95 8632.05 2.24767
4 156 2 15 124.31 95 871.515 0.667687
4 156 3 16 54.8932 95 968.368 1.51203
4 158 3 16 5.92792 95 978.181 14.0015
4 159 3 16 33.3533 95 3221.2 2.48851
4 160 2 15 132.692 95 1717.48 0.625511
4 160 3 16 21.1928 95 213.674 3.91643
4 161 2 15 30.9716 95 9191.92 2.67988
4 161 3 16 18.2285 95 1909.35 4.55332
4 162 2 15 22.8406 95 8903.81 3.63389
4 162 3 16 37.1868 95 2487.84 2.23198
4 163 2 15 33.7025 95 2442.23 2.46273
4 163 3 16 25.6902 95 500.396 3.23081
4 164 2 15 22.5357 95 2618.81 3.68305
4 164 3 16 33.5706 95 223.974 2.4724
4 165 2 15 91.7982 95 6533.05 0.904157
4 165 3 16 39.165 95 245.125 2.11924
4 166 2 15 106.917 95 3430.19 0.776304
4 166 3 16 46.3901 95 1843.7 1.78918
4 167 2 15 43.5164 95 6991.07 1.90733
4 167 3 16 64.0105 95 2806.77 1.29666
4 168 2 15 45.7642 95 3707.79 1.81365
4 168 3 16 35.3873 95 421.781 2.34547
4 169 2 15 61.3786 95 3720.12 1.35226
4 169 3 16 20.486 95 661.714 4.05155
4 170 2 15 15.6088 95 1305.29 5.3175
4 170 3 16 77.9045 95 967.126 1.06541
4 171 2 15 102.441 95 843.76 0.810223
4 171 3 16 71.6447 95 4466.66 1.1585
4 172 2 15 31.4976 95 769.998 2.63512
4 172 3 16 78.0211 95 1016.82 1.06381
4 173 2 15 34.3411 95 933.527 2.41693
4 173 3 16 24.3663 95 999.707 3.40634
4 175 2 15 8.85584 95 73 9.37234
4 175 3 16 3.50544 95 39.94 23.6775
4 176 2 15 18.8663 95 169.035 4.39937
4 177 2 15 66.0529 95 3075.72 1.25657
4 178 2 15 19.5092 95 1854.46 4.25439
4 178 3 16 22.1978 95 238.784 3.73911
4 179 2 15 18.009 95 2037.16 4.60881
4 179 3 16 15.6781 95 442.333 5.29401
4 180 2 15 18.0691 95 4386.58 4.59348
4 181 2 15 64.3059 95 3662.34 1.29071
4 181 3 16 7.04077 95 99.9462 11.7885
4 182 2 15 105.895 95 8110.79 0.783799
4 182 3 16 10.3113 95 324.06 8.04943
4 183 2 15 37.6926 95 2309.89 2.20203
4 183 3 16 118.505 95 3153.25 0.70039
4 184 2 15 16.6283 95 3295.24 4.9915
4 184 3 16 52.5966 95 2618.37 1.57805
4 185 2 15 13.3336 95 4936.36 6.22488
4 185 3 16 13.2168 95 303.847 6.27988
4 186 2 15 76.1948 95 2042.65 1.08931
4 186 3 16 60.0329 95 522.396 1.38258
4 187 2 15 46.4911 95 3074.95 1.78529
4 187 3 16 58.7343 95 1753.39 1.41314
4 188 2 15 2.55392 95 5822.13 32.4991
4 189 2 15 104.087 95 6261.94 0.797408
4 190 2 15 151.233 95 8613.45 0.548821
4 191 2 15 45.9605 95 8240.46 1.8059
4 192 2 15 7.36472 95 6884.39 11.2699
4 192 3 16 21.8006 95 140.44 3.80724
4 193 2 15 1.60566 95 12545.8 51.6922
4 194 2 15 9.11045 95 8636.2 9.11042
4 194 3 16 9.66087 95 175.822 8.59136
4 195 2 15 11.4686 95 7161.01 7.23716
4 195 3 16 31.5337 95 843.503 2.6321
4 196 2 15 56.9501 95 2878.7 1.45742
4 196 3 16 29.0188 95 177.85 2.86022
4 197 2 15 30.9426 95 2439.63 2.68238
4 198 2 15 9.66386 95 3941.73 8.5887
4 198 3 16 121.359 95 1889.29 0.68392
4 199 2 15 53.3241 95 10578 1.55652
4 199 3 16 41.7795 95 2132.13 1.98662
4 200 2 15 59.3367 95 9895.62 1.3988
4 200 3 16 34.6079 95 493.903 2.3983
4 201 2 15 49.4133 95 3523.48 1.67971
4 201 3 16 33.2263 95 165.323 2.49802
4 202 2 15 37.5414 95 2383.24 2.21089
4 202 3 16 27.6962 95 477.842 2.9968
4 203 2 15 8.23605 95 386.102 10.0777
4 203 3 16 57.3872 95 1508.3 1.44632
4 204 2 15 24.8352 95 258.163 3.34203
4 204 3 16 15.9527 95 124.203 5.20289
4 207 2 15 73.3676 95 1459.84 1.13129
4 207 3 16 21.9248 95 299 3.78567
4 208 2 15 34.1492 95 6248.9 2.43051
4 208 3 16 24.1218 95 625.689 3.44087
4 209 2 15 27.3212 95 4480.99 3.03793
4 210 2 15 17.1039 95 2587.09 4.85271
4 210 3 16 68.9916 95 225.432 1.20304
4 211 2 15 8.9079 95 726.323 9.31757
4 212 2 15 29.5985 95 2657.13 2.8042
4 213 2 15 0.268513 95 3408.45 309.109
4 213 3 16 4.92303 95 96.6182 16.8595
4 214 2 15 101.31 95 1888.55 0.819266
4 214 3 16 27.6145 95 158.911 3.00567
4 215 2 15 83.8942 95 2278.89 0.989341
4 215 3 16 58.1605 95 395.563 1.42709
4 216 2 15 8.25967 95 1201.28 10.0488
4 216 3 16 53.9696 95 949.939 1.5379
4 217 2 15 33.7696 95 482.033 2.45783
4 218 2 15 43.7276 95 1802.21 1.89812
4 218 3 16 41.3475 95 3.29023 2.00738
4 219 2 15 38.5549 95 2736.81 2.15278
4 219 3 16 54.0405 95 118.212 1.53588
4 220 2 15 3.74327 95 3822.75 22.1731
4 220 3 16 16.9624 95 131.148 4.89317
4 221 2 15 60.0959 95 953.47 1.38113
4 222 2 15 13.4017 95 1624.88 6.19325
4 222 3 16 23.1367 95 30.0828 3.58737
4 223 2 15 12.4187 95 2816.78 6.68347
4 223 3 16 29.4145 95 66.8139 2.82174
4 224 2 15 33.1761 95 1957.57 2.5018
4 224 3 16 33.938 95 522.485 2.44564
4 225 2 15 38.886 95 2394.12 2.13444
4 225 3 16 10.9009 95 36.3025 7.61403
4 226 2 15 41.1876 95 3264.47 2.01517
4 226 3 16 55.9344 95 119.4 1.48388
4 227 2 15 49.9657 95 4364.98 1.66114
4 227 3 16 57.9313 95 1478.44 1.43273
4 228 2 15 22.478 95 5311.17 3.6925
4 228 3 16 52.267 95 2116.55 1.588
4 229 2 15 26.0428 95 2519.35 3.18706
4 230 2 15 23.8005 95 2907.95 3.48732
4 230 3 16 33.2564 95 5.5195 2.49576
4 231 2 15 30.6416 95 999.671 2.70874
4 231 3 16 13.1941 95 971.062 6.29067
4 232 2 15 0.206587 95 2327.63 401.768
4 232 3 16 27.7767 95 125.569 2.98811
4 233 2 15 154.088 95 5945.88 0.538653
4 233 3 16 0.00949867 95 334.681 8738.06
4 234 2 15 96.6329 95 675.8 0.858921
4 234 3 16 30.4538 95 1728.19 2.72544
4 235 3 16 31.2067 95 844.658 2.65968
4 236 2 15 18.7997 95 681.237 4.41496
4 236 3 16 42.2584 95 13.7326 1.96411
4 237 2 15 50.8797 95 1632.17 1.6313
4 238 2 15 2.42598 95 3646.4 34.213
4 239 2 15 43.2435 95 38.6209 1.91936
4 240 2 15 0.667183 95 2231.03 124.404
4 240 3 16 73.5144 95 1417.23 1.12903
4 241 2 15 10.9362 95 866.852 7.58946
4 241 3 16 0.275713 95 2303.96 301.038
4 242 2 15 9.01437 95 5489.14 9.20752
4 242 3 16 29.3906 95 2150.07 2.82403
4 243 2 15 66.1947 95 226.958 1.25388
4 243 3 16 0.0475022 95 2114.25 1747.29
4 244 2 15 0.139606 95 9319.19 594.529
4 244 3 16 98.0844 95 1835.57 0.84621
4 245 2 15 52.5301 95 2015.72 1.58005
4 246 2 15 127.671 95 1703.69 0.650108
4 246 3 16 36.1086 95 103.682 2.29862
4 247 2 15 82.8156 95 280.435 1.00223
4 247 3 16 83.8233 95 534.38 0.990178
4 248 2 15 0.001428 95 3439.13 58123.1
4 248 3 16 94.7252 95 600.452 0.876219
4 249 2 15 0.545261 95 4941.92 152.221
4 249 3 16 51.8102 95 471.199 1.602
4 250 2 15 2.91182 95 6450.49 28.5045
4 250 3 16 0.0647429 95 1792.7 1281.99
4 251 2 15 2.13435 95 2435.55 38.8877
4 251 3 16 0.391602 95 4218.37 211.95
4 252 2 15 0.181679 95 3063.03 456.85
4 252 3 16 0.44815 95 4642.31 185.206
4 253 2 15 1.82244 95 5490.24 45.5433
4 253 3 16 3.4592 95 1535.39 23.994
4 254 2 15 0.727547 95 8193.5 114.082
4 254 3 16 0.4426 95 1405.17 187.528
4 255 2 15 0.82446 95 904.702 100.672
4 255 3 16 28.6062 95 5363.54 2.90146
4 256 2 15 56.8675 95 7625.87 1.45953
4 256 3 16 0.0312505 95 1310.84 2655.96
4 257 2 15 5.43201 95 5479.87 15.2798
4 257 3 16 47.3407 95 253.525 1.75325
4 258 2 15 0.472955 95 4728.01 175.492
4 258 3 16 0.00887381 95 188.606 9353.37
4 259 2 15 86.8155 95 377.075 0.956051
4 259 3 16 0.449418 95 3721.26 184.683
4 260 2 15 0.856004 95 4703.74 96.9622
4 260 3 16 0.555685 95 506.73 149.365
4 261 2 15 71.6527 95 2964.21 1.15836
4 261 3 16 2.24372 95 40.1466 36.9922
4 262 2 15 0.721393 95 3671.51 115.055
4 262 3 16 1.70717 95 798.893 48.6185
4 263 2 15 0.382503 95 961.648 216.992
4 263 3 16 0.117994 95 6515.89 703.427
4 264 2 15 0.232941 95 4463.64 356.313
4 264 3 16 4.26063 95 722.688 19.4807
4 265 2 15 0.0291706 95 5578.66 2845.33
4 265 3 16 43 95 360.674 1.93023
4 266 2 15 46.9079 95 4015.1 1.76943
4 266 3 16 44.0561 95 646.838 1.88396
4 267 2 15 0.65636 95 1346.61 126.455
4 267 3 16 62.8717 95 2170.78 1.32015
4 268 2 15 11.549 95 8109.15 7.18678
4 268 3 16 106.286 95 823.967 0.780913
7 133 7 28 5.44629 95 278 15.2397
7 134 5 23 77.8494 95 505 1.06616
7 134 7 28 6.39148 95 50 12.986
7 135 5 23 87.9324 95 633 0.943907
7 135 7 28 5.83577 95 190 14.2226
7 136 5 23 43.733 95 3411 1.89788
7 136 7 28 52.5067 95 79 1.58075
7 139 6 24 0.0224696 95 52 3693.88
7 140 6 24 0.031236 95 296 2657.19
7 141 6 24 0.0277156 95 90 2994.71
7 142 5 23 212.12 95 3186 0.391287
7 143 5 23 210.07 95 4024 0.395107
7 144 5 23 167.151 95 3647 0.496557
7 147 8 30 78.935 95 282.272 1.0515
7 151 9 31 18.4679 95 43.796 4.49429
7 154 7 28 13.5103 95 39 6.14346
7 155 7 28 0.0294892 95 17 2814.59
7 156 7 28 1.0103 95 80 82.1535
7 158 8 30 22.32 95 1753.98 3.71864
7 158 9 31 21.1088 95 396.294 3.932
7 162 3 17 25.887 95 43 3.20624
7 165 3 17 19.3778 95 20239 4.28326
7 165 4 18 276.734 95 2703 0.299927
7 166 3 17 1.83628 95 25450 45.2001
7 166 4 18 107.256 95 3916 0.773848
7 167 3 17 24.6609 95 50439 3.36566
7 167 4 18 21.6204 95 2751 3.83896
7 168 3 17 3.92994 95 35508 21.1199
7 168 4 18 45.3574 95 2705 1.82991
7 169 3 17 1.94033 95 21942 42.7763
7 169 4 18 77.5265 95 2349 1.0706
7 170 3 17 1.11832 95 21234 74.2185
7 170 4 18 71.452 95 2823 1.16162
7 171 3 17 2.48662 95 21711 33.3786
7 171 4 18 37.1282 95 1296 2.2355
7 172 3 17 18.4439 95 18537 4.50012
7 172 4 18 25.1407 95 2273 3.30142
7 179 8 30 32.3333 95 231.436 2.56701
7 181 3 17 16.2593 95 1259 5.10477
7 181 4 18 12.8996 95 2630 6.43432
7 181 6 24 1.36781 95 907 60.6809
7 182 3 17 30.8977 95 2383 2.68628
7 182 4 18 42.2532 95 2560 1.96435
7 182 6 24 36.0323 95 1208 2.30349
7 183 3 17 81.8324 95 4900 1.01427
7 183 4 18 2.45967 95 1877 33.7443
7 183 6 24 50.1677 95 858 1.65445
7 184 3 17 60.0584 95 1994 1.38199
7 184 4 18 8.31672 95 1126 9.9799
7 185 3 17 5.47929 95 132 15.148
7 185 4 18 16.7196 95 2151 4.96424
7 185 6 24 0.0134682 95 18 6162.65
7 186 3 17 107.611 95 2761 0.771294
7 186 4 18 28.4381 95 3045 2.91862
7 186 6 24 4.41594 95 411 18.7955
7 187 3 17 62.4811 95 4121 1.3284
7 187 4 18 58 95 4405 1.43103
7 188 3 17 74.426 95 86 1.1152
7 188 4 18 102.407 95 3204 0.810494
7 188 6 24 54.1574 95 59 1.53257
7 189 3 17 5.62379 95 367 14.7587
7 189 4 18 0.315131 95 169 263.382
7 189 6 24 117.651 95 1043 0.705474
7 189 8 30 15.2489 95 53.4541 5.44303
7 190 3 17 22.734 95 602 3.65092
7 190 4 18 32.8163 95 4050 2.52923
7 190 6 24 17.7885 95 656 4.66593
7 190 8 30 0.325989 95 46 254.61
7 190 9 31 24.3282 95 57.239 3.41167
7 191 4 18 0.361024 95 2 229.901
7 191 6 24 9.46993e-06 95 211 8.76458e+06
7 192 4 18 0.114671 95 31 723.807
7 192 6 24 0.881683 95 88 94.1381
7 193 3 17 50.2839 95 26 1.65063
7 193 4 18 126.723 95 4636 0.654974
7 193 6 24 108.608 95 437 0.764218
7 194 3 17 138.678 95 400 0.598509
7 194 4 18 180.072 95 4266 0.460926
7 194 6 24 17.8073 95 751 4.66102
7 195 3 17 262.976 95 942 0.315618
7 195 4 18 54.3734 95 5302 1.52648
7 195 6 24 52.2353 95 503 1.58897
7 196 3 17 148.882 95 621 0.557489
7 196 4 18 74.7518 95 5238 1.11034
7 196 6 24 77.0699 95 791 1.07694
7 197 3 17 266.242 95 369 0.311747
7 197 4 18 135.855 95 5050 0.610946
7 197 6 24 66.423 95 721 1.24957
7 198 3 17 163.069 95 702 0.508987
7 198 4 18 197.213 95 6051 0.420864
7 198 6 24 27.9784 95 645 2.96657
7 199 3 17 85.6063 95 636 0.969555
7 199 4 18 94.9837 95 4400 0.873834
7 199 6 24 102.86 95 762 0.806924
7 200 3 17 48.345 95 441 1.71683
7 200 4 18 199.843 95 3569 0.415326
7 200 6 24 20.5713 95 349 4.03475
7 201 3 17 356.141 95 543 0.233054
7 201 4 18 191.47 95 2241 0.433487
7 201 6 24 25.7276 95 310 3.22611
7 202 3 17 131.392 95 777 0.631699
7 202 4 18 171.195 95 3008 0.484827
7 202 6 24 99.7249 95 511 0.832289
7 203 3 17 239.954 95 274 0.3459
7 203 4 18 191.551 95 1355 0.433305
7 203 6 24 178.554 95 528 0.464846
7 204 3 17 16.2367 95 182 5.11187
7 204 4 18 0.45215 95 21 183.567
7 204 6 24 74.1497 95 154 1.11936
7 205 3 17 10.4591 95 235 7.93566
7 205 4 18 125.577 95 2493 0.660949
7 205 6 24 64.4753 95 158 1.28731
7 206 3 17 0.996709 95 1740 83.274
7 206 4 18 4.29415 95 2733 19.3286
7 206 6 24 8.83335 95 104 9.3962
7 206 8 30 5.49049 95 69.8543 15.117
7 207 3 17 15.9994 95 1307 5.1877
7 207 4 18 109.172 95 2142 0.760269
7 207 6 24 73.7636 95 147 1.12522
7 207 9 31 7.65591 95 52 10.8413
7 208 3 17 7.49066 95 1575 11.0805
7 208 4 18 56.6168 95 2265 1.466
7 208 6 24 4.79277 95 67 17.3177
7 209 3 17 0.112976 95 459 734.672
7 209 4 18 89.3737 95 2871 0.928685
7 209 6 24 29.923 95 205 2.77379
7 210 3 17 33.1827 95 168 2.50131
7 210 4 18 110.054 95 2670 0.754173
7 210 6 24 27.7379 95 79 2.99229
7 211 3 17 67.0986 95 184 1.23698
7 211 4 18 17.9091 95 3752 4.6345
7 211 8 30 15.7554 95 27.9163 5.26804
7 212 3 17 113.563 95 262 0.730874
7 212 4 18 27.7479 95 4494 2.99122
7 213 3 17 0.0414257 95 3373 2003.59
7 213 4 18 24.3844 95 2743 3.40381
7 213 6 24 47.3204 95 304 1.754
7 214 3 17 0.105623 95 2623 785.815
7 214 4 18 13.515 95 4529 6.14131
7 214 6 24 62.8511 95 1013 1.32058
7 215 3 17 0.353904 95 2468 234.527
7 215 4 18 22.4341 95 4053 3.69973
7 215 6 24 114.402 95 435 0.72551
7 216 3 17 1.00465 95 1164 82.6156
7 216 4 18 6.57126 95 3186 12.6308
7 216 6 24 38.501 95 254 2.15579
7 217 3 17 1.44334 95 1412 57.5056
7 217 4 18 33.8299 95 3614 2.45345
7 217 6 24 44.7733 95 141 1.85379
7 218 3 17 86.6433 95 2274 0.957951
7 218 4 18 1.18024 95 4099 70.3247
7 218 6 24 21.5118 95 253 3.85834
7 219 3 17 0.0661417 95 3244 1254.88
7 219 4 18 1.66474 95 4222 49.8578
7 219 6 24 28.2774 95 472 2.9352
7 220 3 17 0.0228086 95 2455 3638.98
7 220 4 18 7.61781 95 4878 10.8955
7 220 6 24 62.2053 95 253 1.33429
7 221 3 17 22.0694 95 2705 3.76087
7 221 4 18 1.81684 95 3831 45.6838
7 221 6 24 91.6057 95 240 0.906057
7 222 3 17 254.931 95 2967 0.325578
7 222 4 18 2.84189 95 5890 29.2059
7 222 6 24 87.0365 95 129 0.953623
7 223 3 17 1.37744 95 2688 60.2565
7 223 4 18 7.39703 95 5592 11.2207
7 223 6 24 35.0793 95 97 2.36607
7 224 3 17 232.859 95 1445 0.35644
7 224 4 18 20.9925 95 5613 3.95379
7 224 6 24 42.9298 95 132 1.93339
7 225 3 17 6.329 95 1332 13.1142
7 225 4 18 3.50772 95 4268 23.6621
7 225 6 24 54.838 95 108 1.51355
7 226 3 17 64.7188 95 1376 1.28247
7 226 4 18 49.1285 95 6486 1.68945
7 226 6 24 67.6572 95 178 1.22677
7 227 3 17 60.2332 95 1253 1.37798
7 227 4 18 4.65406 95 4937 17.8339
7 227 6 24 53.2656 95 95 1.55823
7 228 3 17 134.625 95 1258 0.616529
7 228 4 18 7.18297 95 4051 11.5551
7 228 6 24 24.0176 95 122 3.45579
7 229 3 17 72.1986 95 774 1.14961
7 229 4 18 25.2358 95 2915 3.28898
7 229 6 24 25.3719 95 140 3.27133
7 230 3 17 96.2219 95 640 0.86259
7 230 6 24 67.2313 95 195 1.23454
7 231 3 17 0.687528 95 360 120.722
7 231 6 24 51.2492 95 149 1.61954
7 232 3 17 0.0636362 95 1283 1304.29
7 232 6 24 87.1823 95 415 0.952028
7 233 3 17 0.331788 95 1027 250.16
7 233 5 23 36.5684 95 298 2.26972
7 233 6 24 32.3941 95 915 2.5622
7 233 7 28 73.2979 95 1538 1.13237
7 234 3 17 22.3188 95 1739 3.71883
7 234 4 18 12.3324 95 2323 6.73024
7 234 5 23 43.6821 95 28 1.90009
7 234 6 24 0.479456 95 2313 173.113
7 234 7 28 102.825 95 80 0.807194
7 234 8 30 39.3365 95 126.411 2.11
7 235 3 17 67.9709 95 4699 1.22111
7 235 4 18 4.90414 95 1863 16.9245
7 235 6 24 9.6068 95 2764 8.63971
7 235 7 28 6.03634 95 337 13.75
7 236 3 17 114.227 95 5722 0.726622
7 236 4 18 36.8518 95 2527 2.25226
7 236 5 23 23.9246 95 16 3.46924
7 236 6 24 11.6683 95 3729 7.11328
7 236 7 28 15.1494 95 452 5.47878
7 237 3 17 87.6158 95 3745 0.947318
7 237 4 18 50.3177 95 2543 1.64952
7 237 5 23 130.885 95 1449 0.634143
7 237 6 24 35.5177 95 3777 2.33686
7 237 7 28 173.138 95 1197 0.479386
7 238 3 17 38.955 95 3078 2.13066
7 238 4 18 62.4542 95 5296 1.32897
7 238 5 23 76.284 95 780 1.08804
7 238 6 24 70.7631 95 4001 1.17293
7 238 7 28 334.805 95 610 0.247905
7 239 3 17 58.3269 95 3030 1.42301
7 239 4 18 113.385 95 8683 0.732022
7 239 5 23 123.923 95 1038 0.669771
7 239 6 24 40.3011 95 5246 2.0595
7 239 7 28 133.408 95 375 0.622153
7 239 8 32 219.566 95 753 0.378019
7 240 3 17 127.392 95 4134 0.651533
7 240 4 18 42.1086 95 8683 1.97109
7 240 5 23 172.407 95 3092 0.48142
7 240 6 24 178.848 95 3093 0.464081
7 240 7 28 371.134 95 2254 0.223639
7 240 9 32 500.379 95 1337 0.165874
7 241 3 17 14.3701 95 2428 5.77588
7 241 4 18 36.2739 95 9051 2.28814
7 241 5 23 234.673 95 1249 0.353683
7 241 6 24 47.8853 95 993 1.73331
7 241 7 28 168.766 95 462 0.491806
7 241 10 32 129.883 95 1101 0.639037
7 242 3 17 16.0897 95 2473 5.15859
7 242 4 18 46.6451 95 8410 1.77939
7 242 5 23 45.3827 95 630 1.82889
7 242 6 24 96.6186 95 636 0.859048
7 242 7 28 109.775 95 214 0.756094
7 242 8 30 37.2111 95 41.2669 2.23051
7 242 10 32 121.985 95 1698 0.68041
7 243 3 17 46.746 95 5692 1.77555
7 243 4 18 24.8341 95 9292 3.34218
7 243 5 23 48.2868 95 1038 1.7189
7 243 6 24 0.0795899 95 1052 1042.85
7 243 7 28 113.95 95 341 0.728389
7 243 9 32 68.5133 95 2373 1.21144
7 244 3 17 39.8438 95 4448 2.08313
7 244 4 18 19.6712 95 9237 4.21936
7 244 5 23 66.6208 95 1062 1.24586
7 244 6 24 86.6132 95 4572 0.958284
7 244 7 28 214.21 95 433 0.387469
7 244 8 30 24.9836 95 69.2383 3.32219
7 244 10 32 133.632 95 2629 0.62111
7 245 3 17 19.6054 95 6158 4.23352
7 245 4 18 11.194 95 8538 7.41468
7 245 5 23 48.1446 95 1318 1.72397
7 245 6 24 10.5925 95 11093 7.83574
7 245 7 28 100.227 95 270 0.828122
7 245 10 32 185.266 95 2048 0.448004
7 246 3 17 31.4933 95 8013 2.63548
7 246 4 18 18.5006 95 8336 4.48635
7 246 5 23 68.7838 95 967 1.20668
7 246 6 24 37.9089 95 18425 2.18946
7 246 7 28 104.301 95 202 0.795772
7 246 10 32 235.411 95 2166 0.352574
7 247 3 17 55.0891 95 5125 1.50665
7 247 4 18 36.1113 95 12175 2.29845
7 247 5 23 51.3177 95 820 1.61738
7 247 6 24 199.356 95 3946 0.416342
7 247 7 28 265.025 95 387 0.313178
7 247 10 32 236.845 95 2169 0.35044
7 248 3 17 56.1734 95 6037 1.47757
7 248 4 18 19.9865 95 13474 4.1528
7 248 5 23 91.6412 95 921 0.905706
7 248 6 24 0.0509633 95 20082 1628.62
7 248 7 28 78.0295 95 41 1.0637
7 248 10 32 111.306 95 1718 0.745693
7 249 3 17 114.707 95 5638 0.723584
7 249 4 18 0.755615 95 11290 109.844
7 249 5 23 29.316 95 404 2.83122
7 249 6 24 1.91326 95 36006 43.3815
7 249 7 28 34.5406 95 915 2.40297
7 249 10 32 50.6299 95 712 1.63935
7 250 3 17 119.671 95 7386 0.693568
7 250 4 18 3.67921 95 18938 22.5592
7 250 5 23 32.5623 95 416 2.54896
7 250 6 24 67.0329 95 38381 1.2382
7 250 7 28 92.2728 95 532 0.899507
7 250 8 30 33.9982 95 81.9958 2.4413
7 250 9 31 0.154722 95 236.397 536.448
7 250 10 32 124.566 95 2465 0.666311
7 251 3 17 2.07473 95 9524 40.0052
7 251 4 18 15.7508 95 13489 5.26959
7 251 5 23 21.4387 95 350 3.87151
7 251 6 24 0.00268725 95 3026 30886.6
7 251 7 28 75.2616 95 374 1.10282
7 251 10 32 37.9551 95 2028 2.1868
7 252 3 17 34.2969 95 7720 2.42004
7 252 4 18 9.48671 95 13990 8.74908
7 252 5 23 23.4928 95 386 3.533
7 252 6 24 5.28045 95 26076 15.7184
7 252 7 28 37.1137 95 393 2.23637
7 252 10 32 18.0356 95 995 4.60201
7 253 3 17 69.58 95 5736 1.19287
7 253 4 18 5.9447 95 6160 13.962
7 253 5 23 71.832 95 185 1.15547
7 253 6 24 9.78361 95 27108 8.48358
7 253 7 28 106.728 95 110 0.777677
7 254 3 17 5.11892 95 7824 16.2144
7 254 4 18 17.2266 95 10238 4.81814
7 254 5 23 163.777 95 654 0.506788
7 254 6 24 2.89158 95 18447 28.7041
7 254 7 28 75.4027 95 55 1.10076
7 255 3 17 30.1415 95 5561 2.75367
7 255 4 18 21.6373 95 12515 3.83598
7 255 5 23 103.314 95 1197 0.803377
7 255 6 24 0.0488711 95 807 1698.35
7 255 7 28 463.728 95 254 0.178984
7 256 3 17 33.4717 95 7242 2.4797
7 256 4 18 6.071 95 10830 13.6716
7 256 5 23 84.494 95 578 0.982318
7 256 6 24 2.24778 95 8151 36.9253
7 256 7 28 28.2845 95 25 2.93447
7 257 3 17 30.0613 95 8648 2.76102
7 257 4 18 1.83843 95 9379 45.1472
7 257 5 23 48.1756 95 429 1.72286
7 257 6 24 3.30052 95 5519 25.1475
7 257 7 28 9.33764 95 929 8.88875
7 257 10 32 84.8771 95 3363 0.977884
7 258 3 17 5.89478 95 9184 14.0803
7 258 4 18 6.20613 95 15088 13.3739
7 258 5 23 41.3329 95 302 2.00808
7 258 6 24 9.1246 95 6927 9.09629
7 258 7 28 13.5589 95 27 6.12145
7 258 8 30 30.8516 95 117.284 2.69029
7 258 10 32 177.497 95 3406 0.467614
7 259 3 17 79.0071 95 13419 1.05054
7 259 4 18 2.52273 95 13102 32.9009
7 259 5 23 103.951 95 517 0.798454
7 259 6 24 0.52403 95 2027 158.388
7 259 9 31 32.7069 95 168.691 2.53769
7 259 10 32 205.698 95 2574 0.403504
7 260 3 17 92.3251 95 15106 0.898997
7 260 4 18 2.67837 95 14289 30.989
7 260 5 23 157.634 95 459 0.526537
7 260 6 24 240.536 95 10302 0.345063
7 260 7 28 60.7332 95 80 1.36663
7 260 10 32 101.103 95 2679 0.820942
7 261 3 17 34.1129 95 11150 2.4331
7 261 4 18 5.72669 95 7739 14.4935
7 261 5 23 37.6291 95 146 2.20574
7 261 6 24 0.0208953 95 18674 3972.18
7 261 7 28 226.735 95 642 0.366066
7 261 9 31 6.30997 95 154.164 13.1538
7 261 10 32 196.617 95 3295 0.422141
7 262 3 17 5.09526 95 11852 16.2897
7 262 4 18 7.57065 95 15465 10.9634
7 262 5 23 74.2715 95 572 1.11752
7 262 6 24 1.64684 95 32312 50.3997
7 262 7 28 230.764 95 1549 0.359674
7 262 8 30 13.9074 95 123.746 5.96803
7 262 9 31 36.6997 95 389.028 2.2616
7 262 10 32 254.532 95 3424 0.326089
7 263 3 17 27.5142 95 12058 3.01662
7 263 4 18 15.6396 95 13464 5.30704
7 263 5 23 191.458 95 340 0.433515
7 263 6 24 0.107307 95 4027 773.482
7 263 7 28 432.136 95 704 0.192069
7 263 9 31 58.5652 95 508.55 1.41722
7 263 10 32 341.286 95 3280 0.243198
7 264 3 17 39.5198 95 8966 2.10021
7 264 4 18 22.3942 95 12555 3.70631
7 264 5 23 40.1878 95 113 2.0653
7 264 6 24 11.895 95 60950 6.97771
7 264 7 28 100.49 95 583 0.825951
7 264 10 32 71.6404 95 2985 1.15856
7 265 3 17 12.3116 95 9078 6.74163
7 265 4 18 6.69051 95 11322 12.4056
7 265 5 23 93.4521 95 303 0.888156
7 265 6 24 11.8395 95 32708 7.0104
7 265 7 28 54.3414 95 222 1.52738
7 266 3 17 19.0738 95 16983 4.35152
7 266 4 18 66.3331 95 16514 1.25126
7 266 5 23 121.803 95 320 0.681428
7 266 6 24 0.696612 95 37907 119.148
7 266 7 28 206.791 95 375 0.401371
7 266 8 30 10.1536 95 121.552 8.17442
7 266 9 31 53.5696 95 559.398 1.54939
7 267 3 17 119.104 95 15373 0.696872
7 267 4 18 72.7434 95 18030 1.141
7 267 5 23 84.4954 95 337 0.982302
7 267 6 24 17.2777 95 2814 4.80389
7 267 7 28 239.022 95 453 0.347249
7 267 8 31 9.24132 95 85.8535 8.9814
7 268 3 17 60.032 95 14512 1.3826
7 268 4 18 6.66797 95 13452 12.4476
7 268 5 23 87.9348 95 188 0.943881
7 268 6 24 4.61713 95 40536 17.9765
7 268 7 28 134.098 95 421 0.61895
7 268 8 30 45.3746 95 35.2001 1.82922
8 84 2 22 44.3728 95 210 1.87052
8 85 2 22 46.9435 95 494 1.76808
8 86 2 22 50.6911 95 284 1.63737
8 92 2 22 76.6191 95 258 1.08328
8 93 2 22 110.642 95 1300 0.75017
8 96 2 22 42.52 95 204 1.95202
8 100 2 22 70.649 95 608 1.17482
8 104 2 22 3.62177e-05 95 275 2.2917e+06
8 110 2 22 88.3511 95 1086 0.939433
8 114 2 22 60.2525 95 540 1.37754
8 131 2 22 133.547 95 660 0.621505
8 132 2 22 90.8142 95 639 0.913954
8 133 2 22 22.2795 95 587 3.7254
8 134 2 22 43.0215 95 1334 1.92927
8 135 2 22 34.8116 95 1425 2.38426
8 136 2 22 26.386 95 1388 3.1456
8 138 2 22 146.626 95 773 0.566067
8 139 2 22 109.952 95 450 0.754878
8 141 2 22 0.00135613 95 422 61203.7
8 142 2 22 121.594 95 462 0.682597
8 143 2 22 43.1484 95 222 1.92359
8 147 2 22 17.5574 95 742 4.72736
8 147 4 26 23.5323 95 36 3.52706
8 148 2 22 20.6248 95 442 4.02428
8 148 3 25 24.3158 95 883.173 3.41342
8 148 4 26 30.3222 95 624.754 2.73727
8 149 2 22 119.752 95 1339 0.6931
8 149 3 25 34.3878 95 4058.49 2.41364
8 149 4 26 78.3996 95 1759.62 1.05868
8 150 2 22 102.139 95 221 0.81262
8 150 3 25 46.201 95 7744.23 1.7965
8 150 4 26 121.648 95 380.33 0.682298
8 151 2 22 120.775 95 1142 0.687228
8 151 3 25 45.3662 95 1982.7 1.82955
8 151 4 26 71.4174 95 6381.1 1.16218
8 152 2 22 7.40636 95 441 11.2066
8 152 4 26 21.7864 95 3749.66 3.80971
8 153 2 22 77.9907 95 7246 1.06423
8 154 2 22 119.56 95 5316 0.694211
8 154 4 26 27.6574 95 1105.67 3.00101
8 155 2 22 9.62483 95 50 8.62353
8 156 2 22 101.984 95 1698 0.81385
8 156 4 26 45.7303 95 564.299 1.81499
8 157 2 22 0.0192821 95 3687 4304.51
8 157 3 25 45.4004 95 3753.56 1.82818
8 157 4 26 69.196 95 7431.96 1.19949
8 158 2 22 45.3113 95 320 1.83177
8 158 3 25 100.283 95 3253.03 0.827656
8 158 4 26 30.8146 95 1633.99 2.69353
8 159 2 22 42.4882 95 461 1.95349
8 160 2 22 0.00612533 95 1153 13550.3
8 161 2 22 18.2168 95 781 4.55623
8 161 4 26 8.25078 95 556.707 10.0596
8 162 2 22 84.047 95 1469 0.987543
8 163 2 22 14.4781 95 22 5.73281
8 168 3 25 33.7769 95 499.561 2.4573
8 168 4 26 33.7524 95 197.86 2.45909
8 169 4 26 3.44526 95 23.7074 24.0911
8 170 2 22 39.2526 95 23 2.11451
8 170 3 25 47.1946 95 476.938 1.75868
8 170 4 26 9.74042 95 44 8.52119
8 171 2 22 66.1577 95 690 1.25458
8 173 2 22 31.5352 95 98 2.63198
8 173 3 25 13.8651 95 370.612 5.98623
8 174 2 22 33.2848 95 302 2.49363
8 174 3 25 24.7841 95 3139.04 3.34892
8 174 4 26 4.38952 95 33.0002 18.9087
8 175 3 25 46.7536 95 2650.83 1.77527
8 175 4 26 23.2845 95 1176.26 3.5646
8 176 2 22 31.1374 95 440 2.6656
8 176 3 25 10.2104 95 158.241 8.12899
8 176 4 26 10.2358 95 574.077 8.1088
8 177 3 25 33.6465 95 865.933 2.46682
8 177 4 26 19.8039 95 198.316 4.19109
8 178 2 22 33.3542 95 2436 2.48844
8 178 3 25 1.02881 95 550.536 80.6758
8 179 3 25 34.3989 95 248.575 2.41287
8 180 2 22 11.8192 95 21 7.02247
8 180 3 25 25.586 95 2776.73 3.24396
8 181 3 25 41.106 95 1414.94 2.01917
8 181 4 26 29.1701 95 134.789 2.84538
8 182 3 25 0.013447 95 397.521 6172.38
8 183 3 25 23.6138 95 214.448 3.5149
8 184 3 25 58.4154 95 105.615 1.42086
8 184 4 26 6.96898 95 44.9903 11.9099
8 185 3 25 38.4132 95 286.11 2.16071
8 186 2 22 56.092 95 23 1.47971
8 186 3 25 109.188 95 929.786 0.76016
8 187 2 22 123.817 95 1076 0.670343
8 187 3 25 90.2922 95 505.743 0.919238
8 188 2 22 51.9073 95 77 1.599
8 189 3 25 52.9373 95 524.2 1.56789
8 190 2 22 0.000394816 95 679 210225
8 190 3 25 77.0003 95 556.17 1.07792
8 191 3 25 76.6041 95 153.221 1.08349
8 191 4 26 32.0984 95 87.4053 2.5858
8 192 2 22 116.403 95 1521 0.713039
8 193 2 22 194.502 95 977 0.42673
8 193 3 25 33.0797 95 1764.83 2.50909
8 193 4 26 14.7999 95 249.818 5.60814
8 194 2 22 32.5144 95 885 2.55272
8 194 3 25 0.104938 95 345.669 790.947
8 194 4 26 5.24446 95 22.0494 15.8262
8 195 2 25 6.15675 95 138.004 13.4811
8 195 3 26 30.4915 95 183.759 2.72207
8 196 3 26 35.2706 95 33 2.35324
8 197 2 25 33.7241 95 144.54 2.46115
8 198 3 25 0.115261 95 293.457 720.108
8 199 3 25 39.3494 95 1203.43 2.10931
8 200 3 25 69.1151 95 2774.34 1.2009
8 200 4 26 84.6932 95 2241.33 0.980008
8 201 2 22 317.827 95 614 0.261148
8 201 3 25 83.5761 95 1429.89 0.993107
8 202 2 22 14.2746 95 1383 5.81452
8 202 3 25 107.229 95 2176.04 0.774046
8 202 4 26 90.988 95 209.897 0.912208
8 203 2 22 60.7184 95 558 1.36697
8 203 3 25 88.3929 95 3639.94 0.938989
8 203 4 26 13.4183 95 77.5927 6.18557
8 204 2 22 117.588 95 1601 0.705857
8 204 3 25 125.345 95 1370.93 0.662171
8 204 4 26 54.882 95 262.995 1.51234
8 205 2 22 66.3889 95 1542 1.25021
8 205 3 25 0.364498 95 3622.37 227.71
8 205 4 26 69.5577 95 3074.42 1.19325
8 206 2 22 109.587 95 815 0.757392
8 206 3 25 138.612 95 1326.34 0.598795
8 206 4 26 14.9628 95 494.36 5.54711
8 207 2 22 225.086 95 2329 0.368747
8 207 3 25 17.0758 95 2220.99 4.86069
8 207 4 26 16.2718 95 670.991 5.10084
8 208 3 25 39.0197 95 70.8705 2.12713
8 208 4 26 7.46496 95 529.03 11.1186
8 209 3 25 3.30835 95 1469.69 25.0881
8 209 4 26 13.4588 95 26.159 6.16696
8 210 3 25 137.39 95 2212.56 0.604121
8 210 4 26 23.8023 95 9.65189 3.48705
8 211 3 25 63.4837 95 1925.8 1.30742
8 211 4 26 35.2581 95 135.116 2.35407
8 212 3 25 28.0585 95 2052.32 2.95811
8 212 4 26 55.0758 95 284.971 1.50701
8 213 2 22 92.4798 95 196 0.897493
8 213 3 25 184.498 95 1198.12 0.44987
8 213 4 26 0.147005 95 447.323 564.606
8 214 3 25 1.51051 95 2402.67 54.9482
8 214 4 26 36.1153 95 313.257 2.29819
8 215 3 25 45.9373 95 3973.87 1.80681
8 215 4 26 128.815 95 706.176 0.644337
8 216 3 25 104.183 95 2718.82 0.796676
8 216 4 26 31.2366 95 437.539 2.65714
8 217 3 25 64.6134 95 1933.5 1.28456
8 217 4 26 27.0973 95 83.9532 3.06303
8 218 3 25 119.468 95 2658.75 0.694747
8 218 4 26 75.9167 95 630.253 1.0933
8 219 2 22 20.6383 95 110 4.02165
8 219 3 25 331.46 95 1906.1 0.250407
8 219 4 26 29.1539 95 26.9109 2.84696
8 220 3 25 108.239 95 2718.13 0.76682
8 220 4 26 123.699 95 892.618 0.670986
8 221 3 25 165.209 95 2070.23 0.502393
8 221 4 26 167.23 95 1437.78 0.496322
8 222 3 25 86.6444 95 4010.58 0.957938
8 222 4 26 106.338 95 1283.41 0.780531
8 223 3 25 24.0853 95 5010.64 3.44608
8 223 4 26 79.1776 95 399.597 1.04828
8 224 3 25 110.263 95 2601.63 0.752743
8 224 4 26 64.3979 95 944.576 1.28886
8 225 3 25 4.67756 95 2454.5 17.7443
8 225 4 26 91.8873 95 794.676 0.90328
8 226 3 25 85.4174 95 6012.91 0.9717
8 226 4 26 88.3973 95 1658.31 0.938943
8 227 3 25 15.9108 95 4759.42 5.21657
8 227 4 26 41.7075 95 1005.83 1.99005
8 228 3 25 98.2216 95 1394.57 0.845028
8 228 4 26 47.8241 95 1137.41 1.73553
8 229 2 25 98.1508 95 3379.1 0.845637
8 229 3 26 112.209 95 1115.61 0.739691
8 230 2 25 4.82657 95 2954.89 17.1965
8 230 3 26 117.139 95 1478.33 0.708563
8 231 2 25 97.5009 95 4847.05 0.851274
8 231 3 26 104.446 95 794.755 0.79467
8 232 2 25 69.2754 95 5125.29 1.19812
8 232 3 26 62.3885 95 322.941 1.33037
8 233 2 25 101.778 95 3354.11 0.815502
8 233 3 26 8.97967 95 7015.15 9.2431
8 234 2 25 4.25645 95 3274.33 19.4998
8 234 3 26 214.15 95 3124.81 0.387579
8 235 2 25 174.869 95 1738.21 0.47464
8 235 3 26 243.954 95 4392.77 0.340229
8 236 2 25 72.7168 95 6376.3 1.14141
8 236 3 26 59.7439 95 6860.24 1.38926
8 237 3 25 6.38015 95 6077.33 13.0091
8 237 4 26 105.768 95 3233.99 0.784736
8 238 3 25 32.1019 95 7588.58 2.58551
8 238 4 26 74.8466 95 3164.82 1.10893
8 239 3 25 24.1704 95 7808.26 3.43396
8 239 4 26 10.4362 95 5918.85 7.95308
8 240 3 25 16.3191 95 9104.15 5.08606
8 240 4 26 0.810522 95 4832.56 102.403
8 241 3 25 264.875 95 3435.41 0.313355
8 241 4 26 65.9346 95 1641.56 1.25882
8 242 3 25 26.8315 95 6278.27 3.09338
8 242 4 26 94.8682 95 3358.08 0.874898
8 243 3 25 122.32 95 13393.2 0.678548
8 243 4 26 1.12978 95 10217.2 73.4658
8 244 3 25 3.92617 95 14953.2 21.1402
8 244 4 26 0.390542 95 10854.4 212.525
8 245 3 25 4.86379 95 8518.54 17.0649
8 245 4 26 3.22498 95 8462.16 25.7366
8 246 3 25 1.12275 95 6291.4 73.9257
8 246 4 26 0.194504 95 6650 426.727
8 247 3 25 111.938 95 8415.32 0.741479
8 247 4 26 338.967 95 8247.97 0.244862
8 248 3 25 99.8464 95 7297.09 0.831277
8 248 4 26 0.0496381 95 6911.63 1672.1
8 249 3 25 1.73939 95 3944.3 47.7179
8 249 4 26 8.10865 95 3853.39 10.236
8 250 2 25 2.4003 95 3580.45 34.5791
8 250 3 26 0.241131 95 4050.23 344.212
8 251 3 25 86.4676 95 4679.01 0.959897
8 251 4 26 77.7539 95 6324.21 1.06747
8 252 2 25 15.1348 95 4740.72 5.48404
8 252 3 26 139.256 95 5039.57 0.596027
8 253 2 25 90.9989 95 1915.65 0.912099
8 253 3 26 184.601 95 4331.12 0.449619
8 254 2 25 3.84276 95 1965.53 21.5991
8 254 3 26 71.7009 95 2249.91 1.15759
8 255 2 25 40.211 95 6035.63 2.06411
8 255 3 26 4.93048 95 2568.31 16.8341
8 256 3 25 34.8506 95 4523.77 2.3816
8 256 4 26 18.7923 95 1846.55 4.41669
8 257 2 25 0.01105 95 8048.75 7511.29
8 257 3 26 52.5442 95 2554.54 1.57962
8 258 3 25 0.544755 95 6311.7 152.362
8 258 4 26 15.9415 95 8309.43 5.20653
8 259 3 25 94.562 95 3994.86 0.877731
8 259 4 26 193.631 95 4173.86 0.42865
8 260 3 25 5.41773 95 4504.88 15.3201
8 260 4 26 12.6313 95 13520.8 6.57097
8 261 3 25 4.9164 95 5052.47 16.8823
8 261 4 26 4.04782 95 12139.3 20.5048
8 262 3 25 278.855 95 3825.09 0.297646
8 262 4 26 17.0514 95 8916.26 4.86762
8 263 3 25 64.787 95 3801.1 1.28112
8 263 4 26 1.38738 95 4396.78 59.8248
8 264 3 25 0.030123 95 2032.46 2755.37
8 264 4 26 83.4181 95 8725.83 0.994988
8 265 3 25 1.17148 95 4429.87 70.8506
8 265 4 26 95.0874 95 8664.58 0.872881
8 266 3 25 25.8506 95 4664.85 3.21076
8 266 4 26 49.4588 95 10250.9 1.67816
8 267 3 25 1.98388 95 3680.01 41.8371
8 267 4 26 25.3759 95 12837.6 3.27082
8 268 3 25 73.7136 95 3781.69 1.12598
8 268 4 26 53.736 95 7749.74 1.54459
